
C:\Users\marco\SparkExamples>spark-submit --packages com.databricks:spark-csv_2.10:1.4.0   --class EuroQualifierDecisionTree target\scala-2.10\sparkexamples_2.10-1.0.jar file:///c:/Users/marco/SparkExamples/src/main/resources/Euro2008.csv  file:///c:/Users/marco/SparkExamples/src/main/resources/Euro2016.csv 
Creating DataSet
Creating RDD from file:///c:/Users/marco/SparkExamples/src/main/resources/Euro2008.csv
Cleaning up data...
Creating labeled points
TrainData
Now loading euro data
Creating RDD from file:///c:/Users/marco/SparkExamples/src/main/resources/Euro2016.csv
Now feeding the model..
_------- RANDOM FOREST ------------------
((gini,4,20,3),0.35,0.5714285714285714)
((entropy,4,30,3),0.40625,0.38095238095238093)
((gini,6,30,3),0.4125,0.47619047619047616)
((entropy,4,25,3),0.4125,0.47619047619047616)
((entropy,6,15,3),0.4375,0.3333333333333333)
((gini,6,10,3),0.44375,0.42857142857142855)
((gini,6,15,1),0.44375,0.42857142857142855)
((gini,6,20,3),0.44375,0.42857142857142855)
((entropy,4,10,1),0.44375,0.42857142857142855)
((entropy,4,10,3),0.44375,0.42857142857142855)
TEsting model with Impurity:{gini}|Depth:{4}|BIns:{20}|Trees:{3}|Accuracy:{0.35}
Now predicting EURO 2016 USING RANDOM FOREST
(1.0,0.0)
(12.0,0.0)
(2.0,0.0)
(13.0,0.0)
(3.0,0.0)
(14.0,0.0)
(4.0,0.0)
(15.0,0.0)
(5.0,0.0)
(16.0,0.0)
(6.0,0.0)
(17.0,1.0)
(7.0,0.0)
(18.0,0.0)
(8.0,0.0)
(19.0,0.0)
(9.0,0.0)
(20.0,0.0)
(10.0,0.0)
(21.0,0.0)
(11.0,0.0)
(22.0,0.0)
(23.0,0.0)
(24.0,0.0)
--------- NOW WITH DECISION TREE....
--------------- DECISION TREES -------------------
((gini,1,10),0.5,0.23809523809523808)
((gini,1,20),0.5,0.23809523809523808)
((gini,1,30),0.5,0.23809523809523808)
((entropy,1,10),0.5,0.23809523809523808)
((entropy,1,20),0.5,0.23809523809523808)
((entropy,1,30),0.5,0.23809523809523808)
((gini,5,10),0.54375,0.38095238095238093)
((gini,5,20),0.54375,0.38095238095238093)
((gini,5,30),0.54375,0.38095238095238093)
((entropy,5,10),0.54375,0.38095238095238093)
(1.0,0.0)
(12.0,0.0)
(2.0,0.0)
(13.0,0.0)
(3.0,0.0)
(14.0,0.0)
(4.0,0.0)
(15.0,0.0)
(5.0,0.0)
(16.0,0.0)
(6.0,0.0)
(17.0,0.0)
(7.0,0.0)
(18.0,0.0)
(8.0,0.0)
(19.0,0.0)
(9.0,0.0)
(20.0,0.0)
(10.0,0.0)
(21.0,0.0)
(11.0,0.0)
(22.0,0.0)
(23.0,0.0)
(24.0,0.0)
--------- USING SVM --------
Now runnign with real data...
(-11.354155007736853,1.0)
(-14.350845911309092,12.0)
(-1.185309623651355,2.0)
(-2.165995470476851,13.0)
(-4.366982695283405,3.0)
(-1.4293434194551946,14.0)
(-3.9280828085844193,4.0)
(-11.936419367107973,15.0)
(-4.452351802000041,5.0)
(-5.616880520742282,16.0)
(-3.9729599416639023,6.0)
(0.24958619451308484,17.0)
(0.05042728153551945,7.0)
(-13.392080265535775,18.0)
(-3.390695582292782,8.0)
(-4.743483981685602,19.0)
(-0.8022041772577995,9.0)
(-2.5151094417253668,20.0)
(-2.2239772620398064,10.0)
(-4.8463564807205834,21.0)
(-8.73396539056681,11.0)
(-9.60736192962349,22.0)
(-10.189626288994612,23.0)
(-1.33305925576582,24.0)
